[ietdavv.jpg]
text=1;138;15;IET DAVV,INDORE;Arial;0.367303,0.064597,0.055556,0.000000;v1,4294967295,4278190080,128.000000,1.000000,0.411215,1.000000,700,258,49152;;
backuphash=51719
textactive=1
